ARMA_MAT_TXT_FN008
100 2
0.0154  -31.9998
0.0292  -31.9992
0.0430  -31.9983
0.0598  -31.9967
0.0811  -31.9939
0.0855  -31.9933
0.0965  -31.9915
0.1111  -31.9888
0.1174  -31.9876
0.1320  -31.9844
0.1690  -31.9752
0.1707  -31.9747
0.1835  -31.9711
0.1848  -31.9707
0.1890  -31.9695
0.1948  -31.9677
0.2077  -31.9638
0.2217  -31.9593
0.2259  -31.9580
0.2277  -31.9574
0.2305  -31.9565
0.2316  -31.9561
0.2348  -31.9551
0.2373  -31.9542
0.2417  -31.9528
0.2581  -31.9473
0.2622  -31.9459
0.2625  -31.9458
0.2963  -31.9344
0.2967  -31.9342
0.3012  -31.9327
0.3063  -31.9310
0.3111  -31.9295
0.3188  -31.9270
0.3507  -31.9173
0.3532  -31.9166
0.3674  -31.9128
0.3685  -31.9125
0.3786  -31.9100
0.3897  -31.9076
0.3955  -31.9064
0.4039  -31.9049
0.4087  -31.9041
0.4242  -31.9021
0.4302  -31.9015
0.4357  -31.9011
0.4359  -31.9011
0.4389  -31.9009
0.4468  -31.9006
0.4509  -31.9006
0.4588  -31.9007
0.4709  -31.9014
0.4868  -31.9035
0.4886  -31.9038
0.4889  -31.9038
0.5079  -31.9084
0.5085  -31.9086
0.5108  -31.9093
0.5211  -31.9130
0.5328  -31.9180
0.5468  -31.9253
0.5470  -31.9255
0.5502  -31.9273
0.5752  -31.9453
0.5785  -31.9482
0.5870  -31.9559
0.5949  -31.9636
0.6028  -31.9722
0.6225  -31.9963
0.6241  -31.9984
0.6256  -32.0005
0.6443  -32.0286
0.6477  -32.0342
0.6491  -32.0365
0.6791  -32.0937
0.6868  -32.1104
0.7112  -32.1704
0.7303  -32.2249
0.7317  -32.2291
0.7447  -32.2704
0.7757  -32.3836
0.7802  -32.4019
0.7803  -32.4020
0.7948  -32.4643
0.8010  -32.4923
0.8116  -32.5425
0.8176  -32.5725
0.8212  -32.5907
0.8443  -32.7172
0.8759  -32.9162
0.9049  -33.1271
0.9234  -33.2776
0.9289  -33.3247
0.9294  -33.3293
0.9390  -33.4150
0.9421  -33.4429
0.9561  -33.5769
0.9631  -33.6462
0.9797  -33.8207
0.9880  -33.9116
