ARMA_MAT_TXT_FN008
50 2
0.0318   -3.0000
0.0344   -3.0000
0.0357   -3.0000
0.0462   -3.0001
0.0971   -3.0009
0.1190   -3.0017
0.1419   -3.0028
0.1576   -3.0038
0.1626   -3.0042
0.1712   -3.0049
0.1869   -3.0063
0.2238   -3.0106
0.2760   -3.0194
0.2769   -3.0196
0.3171   -3.0287
0.3404   -3.0349
0.3816   -3.0475
0.3922   -3.0511
0.4218   -3.0617
0.4387   -3.0682
0.4456   -3.0709
0.4854   -3.0874
0.4898   -3.0893
0.4984   -3.0930
0.5853   -3.1318
0.6463   -3.1572
0.6551   -3.1605
0.6555   -3.1606
0.6557   -3.1607
0.6787   -3.1686
0.6797   -3.1689
0.6948   -3.1735
0.7060   -3.1765
0.7094   -3.1773
0.7431   -3.1838
0.7547   -3.1850
0.7577   -3.1853
0.7655   -3.1857
0.7922   -3.1852
0.7952   -3.1849
0.8003   -3.1843
0.8235   -3.1797
0.8491   -3.1708
0.9157   -3.1240
0.9340   -3.1040
0.9502   -3.0833
0.9572   -3.0735
0.9595   -3.0701
0.9597   -3.0697
0.9706   -3.0530
